     106    -106     100     -92 -3.11771e-08 -3.11771e-08  3.78020e-06
     106    -105     100     -91 -1.11282e-07 -1.11282e-07  2.57034e-06
     106    -104     100     -90 -2.95730e-07 -2.95730e-07  1.36047e-06
     106    -103     100     -89 -5.45524e-07 -5.45524e-07  1.50607e-07
     106    -102     100     -88 -1.02561e-06 -1.02561e-06 -1.05926e-06
     106    -101     100     -87 -1.62405e-06 -1.62405e-06 -2.26913e-06
     106    -100     100     -86 -2.50147e-06 -2.50147e-06 -3.47899e-06
     106     -99     100     -85 -3.64807e-06 -3.64807e-06 -4.68886e-06
     106     -98     100     -84 -5.13171e-06 -5.13171e-06 -5.89872e-06
     106     -97     100     -83 -6.85128e-06 -6.85128e-06 -7.10859e-06
     106     -96     100     -82 -9.00802e-06 -9.00802e-06 -9.84339e-06
     106     -95     100     -81 -1.14393e-05 -1.14393e-05 -1.25782e-05
     106     -94     100     -80 -1.42847e-05 -1.42847e-05 -1.53130e-05
     106     -93     100     -79 -1.72538e-05 -1.72538e-05 -1.80478e-05
     106     -92     100     -78 -2.04200e-05 -2.04200e-05 -2.07826e-05
     106     -91     100     -77 -2.35026e-05 -2.35026e-05 -2.26964e-05
     106     -90     100     -76 -2.63144e-05 -2.63144e-05 -2.46101e-05
     106     -89     100     -75 -2.85221e-05 -2.85221e-05 -2.65239e-05
     106     -88     100     -74 -2.96298e-05 -2.96298e-05 -2.84377e-05
     106     -87     100     -73 -2.91446e-05 -2.91446e-05 -2.36709e-05
     106     -86     100     -72 -2.62700e-05 -2.62700e-05 -1.89041e-05
     106     -85     100     -71 -2.01780e-05 -2.01780e-05 -1.41373e-05
     106     -84     100     -70 -9.68184e-06 -9.68184e-06 -9.37046e-06
     106     -83     100     -69  6.50105e-06  6.50105e-06  1.97035e-05
     106     -82     100     -68  2.99595e-05  2.99595e-05  4.87774e-05
     106     -81     100     -67  6.25109e-05  6.25109e-05  7.78514e-05
     106     -80     100     -66  0.000106460  0.000106460  0.000106925
     106     -79     100     -65  0.000164342  0.000164342  0.000182468
     106     -78     100     -64  0.000239068  0.000239068  0.000258010
     106     -77     100     -63  0.000333870  0.000333870  0.000333552
     106     -76     100     -62  0.000452317  0.000452317  0.000481028
     106     -75     100     -61  0.000598347  0.000598347  0.000628503
     106     -74     100     -60  0.000776090  0.000776090  0.000775978
     106     -73     100     -59  0.000989602  0.000989602   0.00100945
     106     -72     100     -58   0.00124270   0.00124270   0.00124292
     106     -71     100     -57   0.00153862   0.00153862   0.00158268
     106     -70     100     -56   0.00187903   0.00187903   0.00192245
     106     -69     100     -55   0.00226292   0.00226292   0.00226221
     106     -68     100     -54   0.00268496   0.00268496   0.00269667
     106     -67     100     -53   0.00313247   0.00313247   0.00313112
     106     -66     100     -52   0.00358192   0.00358192   0.00356217
     106     -65     100     -51   0.00399523   0.00399523   0.00399321
     106     -64     100     -50   0.00431916   0.00431916   0.00424056
     106     -63     100     -49   0.00449053   0.00449053   0.00448790
     106     -62     100     -48   0.00445431   0.00445431   0.00445153
     106     -61     100     -47   0.00419185   0.00419185   0.00409857
     106     -60     100     -46   0.00374800   0.00374800   0.00374562
     106     -59     100     -45   0.00323395   0.00323395   0.00326477
     106     -58     100     -44   0.00278647   0.00278647   0.00278391
     106     -57     100     -43   0.00249619   0.00249619   0.00261922
     106     -56     100     -42   0.00235778   0.00235778   0.00245453
     106     -55     100     -41   0.00229201   0.00229201   0.00228984
     106     -54     100     -40   0.00222457   0.00222457   0.00221373
     106     -53     100     -39   0.00214070   0.00214070   0.00213762
     106     -52     100     -38   0.00206343   0.00206343   0.00206151
     106     -51     100     -37   0.00200500   0.00200500   0.00201814
     106     -50     100     -36   0.00196172   0.00196172   0.00197477
     106     -49     100     -35   0.00193322   0.00193322   0.00193140
     106     -48     100     -34   0.00191452   0.00191452   0.00191048
     106     -47     100     -33   0.00189200   0.00189200   0.00188955
     106     -46     100     -32   0.00187047   0.00187047   0.00186863
     106     -45     100     -31   0.00186664   0.00186664   0.00186638
     106     -44     100     -30   0.00186925   0.00186925   0.00186412
     106     -43     100     -29   0.00186182   0.00186182   0.00186187
     106     -42     100     -28   0.00186147   0.00186147   0.00185962
     106     -41     100     -27   0.00187425   0.00187425   0.00186925
     106     -40     100     -26   0.00187908   0.00187908   0.00187888
     106     -39     100     -25   0.00188342   0.00188342   0.00188851
     106     -38     100     -24   0.00189942   0.00189942   0.00189814
     106     -37     100     -23   0.00190950   0.00190950   0.00190891
     106     -36     100     -22   0.00191759   0.00191759   0.00191968
     106     -35     100     -21   0.00193387   0.00193387   0.00193045
     106     -34     100     -20   0.00194369   0.00194369   0.00194122
     106     -33     100     -19   0.00195317   0.00195317   0.00195199
     106     -32     100     -18   0.00196640   0.00196640   0.00195892
     106     -31     100     -17   0.00197256   0.00197256   0.00196584
     106     -30     100     -16   0.00198047   0.00198047   0.00197276
     106     -29     100     -15   0.00198650   0.00198650   0.00197969
     106     -28     100     -14   0.00198733   0.00198733   0.00198661
     106     -27     100     -13   0.00198919   0.00198919   0.00198828
     106     -26     100     -12   0.00198486   0.00198486   0.00198391
     106     -25     100     -11   0.00197872   0.00197872   0.00197826
     106     -24     100     -10   0.00196876   0.00196876   0.00196808
     106     -23     100      -9   0.00195352   0.00195352   0.00195210
     106     -22     100      -8   0.00193561   0.00193561   0.00193514
     106     -21     100      -7   0.00191093   0.00191093   0.00191048
     106     -20     100      -6   0.00188293   0.00188293   0.00188203
     106     -19     100      -5   0.00184803   0.00184803   0.00184791
     106     -18     100      -4   0.00180846   0.00180846   0.00180805
     106     -17     100      -3   0.00176219   0.00176219   0.00176209
     106     -16     100      -2   0.00171001   0.00171001   0.00170985
     106     -15     100      -1   0.00165127   0.00165127   0.00165135
     106     -14     100       0   0.00158570   0.00158570   0.00158574
     106     -13     100       1  -0.00151362   0.00151362  -0.00151325
     106     -12     100       2   0.00143411   0.00143411   0.00143385
     106     -11     100       3  -0.00134819   0.00134819  -0.00134855
     106     -10     100       4   0.00125458   0.00125458   0.00125474
     106      -9     100       5  -0.00115476   0.00115476  -0.00115540
     106      -8     100       6   0.00104735   0.00104735   0.00104764
     106      -7     100       7 -0.000934151  0.000934151 -0.000934009
     106      -6     100       8  0.000813868  0.000813868  0.000814824
     106      -5     100       9 -0.000688487  0.000688487 -0.000688731
     106      -4     100      10  0.000556979  0.000556979  0.000557393
     106      -3     100      11 -0.000421445  0.000421445 -0.000422148
     106      -2     100      12  0.000281280  0.000281280  0.000281489
     106      -1     100      13 -0.000138561  0.000138561 -0.000138912
     106       0     100      14 -6.66778e-06 -6.66778e-06 -6.16804e-06
     106       1     100      15 -0.000152536 -0.000152536 -0.000148224
     106       2     100      16 -0.000298086 -0.000298086 -0.000290279
     106       3     100      17 -0.000441931 -0.000441931 -0.000432335
     106       4     100      18 -0.000581842 -0.000581842 -0.000574391
     106       5     100      19 -0.000717331 -0.000717331 -0.000716446
     106       6     100      20 -0.000844489 -0.000844489 -0.000821661
     106       7     100      21 -0.000964106 -0.000964106 -0.000926876
     106       8     100      22  -0.00107057  -0.00107057  -0.00103209
     106       9     100      23  -0.00116556  -0.00116556  -0.00113731
     106      10     100      24  -0.00124325  -0.00124325  -0.00124252
     106      11     100      25  -0.00130381  -0.00130381  -0.00127131
     106      12     100      26  -0.00134493  -0.00134493  -0.00130010
     106      13     100      27  -0.00136168  -0.00136168  -0.00132889
     106      14     100      28  -0.00135805  -0.00135805  -0.00135769
     106      15     100      29  -0.00132528  -0.00132528  -0.00128537
     106      16     100      30  -0.00126780  -0.00126780  -0.00121305
     106      17     100      31  -0.00118444  -0.00118444  -0.00114073
     106      18     100      32  -0.00106896  -0.00106896  -0.00106840
     106      19     100      33 -0.000932932 -0.000932932 -0.000905625
     106      20     100      34 -0.000769122 -0.000769122 -0.000742846
     106      21     100      35 -0.000579968 -0.000579968 -0.000580066
     106      22     100      36 -0.000380739 -0.000380739 -0.000365076
     106      23     100      37 -0.000161997 -0.000161997 -0.000150085
     106      24     100      38  6.53890e-05  6.53890e-05  6.49056e-05
     106      25     100      39  0.000281172  0.000281172  0.000273636
     106      26     100      40  0.000494328  0.000494328  0.000482366
     106      27     100      41  0.000691463  0.000691463  0.000691096
     106      28     100      42  0.000843851  0.000843851  0.000803348
     106      29     100      43  0.000957177  0.000957177  0.000915600
     106      30     100      44   0.00102869   0.00102869   0.00102785
     106      31     100      45   0.00102749   0.00102749  0.000987863
     106      32     100      46  0.000948381  0.000948381  0.000947874
     106      33     100      47  0.000808936  0.000808936  0.000778268
     106      34     100      48  0.000608998  0.000608998  0.000608662
     106      35     100      49  0.000346623  0.000346623  0.000346524
     106      36     100      50  4.37812e-05  4.37812e-05  4.09007e-05
     106      37     100      51 -0.000265011 -0.000265011 -0.000264722
     106      38     100      52 -0.000532060 -0.000532060 -0.000474362
     106      39     100      53 -0.000684350 -0.000684350 -0.000684002
     106      40     100      54 -0.000658826 -0.000658826 -0.000574996
     106      41     100      55 -0.000466570 -0.000466570 -0.000465990
     106      42     100      56 -0.000202952 -0.000202952 -0.000266985
     106      43     100      57  1.71046e-05  1.71046e-05 -6.79799e-05
     106      44     100      58  0.000131200  0.000131200  0.000131025
     106      45     100      59  0.000146845  0.000146845  0.000119976
     106      46     100      60  0.000109072  0.000109072  0.000108926
     106      47     100      61  6.09736e-05  6.09736e-05  7.45037e-05
     106      48     100      62  2.52234e-05  2.52234e-05  4.00814e-05
     106      49     100      63  5.98540e-06  5.98540e-06  5.65910e-06
     106      50     100      64 -1.52101e-06 -1.52101e-06  2.92896e-06
     106      51     100      65 -3.14988e-06 -3.14988e-06  1.98819e-07
     106      52     100      66 -2.48845e-06 -2.48845e-06 -2.53132e-06
     106      53     100      67 -1.61264e-06 -1.61264e-06 -1.86497e-06
     106      54     100      68 -9.08704e-07 -9.08704e-07 -1.19863e-06
     106      55     100      69 -4.43092e-07 -4.43092e-07 -5.32280e-07
     106      56     100      70 -2.93145e-07 -2.93145e-07  1.34066e-07
     106      57     100      71 -1.08038e-07 -1.08038e-07 -2.64292e-08
     106      58     100      72 -3.53554e-08 -3.53554e-08 -1.86925e-07
     106      59     100      73 -3.48243e-08 -3.48243e-08 -3.47420e-07
     106      60     100      74 -4.21547e-08 -4.21547e-08 -5.07916e-07
     106      61     100      75  1.38230e-08  1.38230e-08 -3.75965e-07
     106      62     100      76  3.91613e-08  3.91613e-08 -2.44013e-07
     106      63     100      77 -1.24514e-08 -1.24514e-08 -1.12062e-07
     106      64     100      78 -5.34035e-08 -5.34035e-08  1.98888e-08
     106      65     100      79 -8.28886e-08 -8.28886e-08 -3.27811e-08
     106      66     100      80 -4.55583e-08 -4.55583e-08 -8.54511e-08
     106      67     100      81  1.20228e-08  1.20228e-08 -1.38121e-07
     106      68     100      82  3.39680e-08  3.39680e-08 -1.90791e-07
     106      69     100      83 -1.31070e-08 -1.31070e-08 -2.43461e-07
     106      70     100      84 -5.35056e-09 -5.35056e-09 -1.27073e-07
     106      71     100      85 -1.61663e-08 -1.61663e-08 -1.06840e-08
     106      72     100      86  3.97504e-09  3.97504e-09  1.05705e-07
     106      73     100      87 -1.15883e-08 -1.15883e-08  2.22093e-07
     106      74     100      88 -1.34951e-08 -1.34951e-08  3.38482e-07
     106      75     100      89 -2.09818e-08 -2.09818e-08  2.66490e-07
     106      76     100      90  7.86008e-09  7.86008e-09  1.94499e-07
     106      77     100      91  1.14153e-09  1.14153e-09  1.22508e-07
     106      78     100      92  5.36967e-08  5.36967e-08  5.05166e-08
     106      79     100      93 -3.15779e-08 -3.15779e-08 -2.14746e-08
     106      80     100      94  4.67816e-09  4.67816e-09 -9.34658e-08
     106      81     100      95 -4.27637e-08 -4.27637e-08 -1.02246e-07
     106      82     100      96  2.95444e-09  2.95444e-09 -1.11026e-07
     106      83     100      97  9.53285e-09  9.53285e-09 -1.19806e-07
     106      84     100      98 -5.69102e-08 -5.69102e-08 -1.28586e-07
     106      85     100      99 -1.15846e-08 -1.15846e-08 -1.37366e-07
     106      86     100     100 -1.05718e-07 -1.05718e-07 -1.46146e-07

